{
	"patcher" : 	{
		"fileversion" : 1,
		"appversion" : 		{
			"major" : 7,
			"minor" : 0,
			"revision" : 4,
			"architecture" : "x64",
			"modernui" : 1
		}
,
		"rect" : [ 144.0, 99.0, 1031.0, 597.0 ],
		"bglocked" : 0,
		"openinpresentation" : 0,
		"default_fontsize" : 24.0,
		"default_fontface" : 0,
		"default_fontname" : "Arial",
		"gridonopen" : 2,
		"gridsize" : [ 15.0, 15.0 ],
		"gridsnaponopen" : 2,
		"objectsnaponopen" : 1,
		"statusbarvisible" : 2,
		"toolbarvisible" : 1,
		"lefttoolbarpinned" : 0,
		"toptoolbarpinned" : 0,
		"righttoolbarpinned" : 0,
		"bottomtoolbarpinned" : 0,
		"toolbars_unpinned_last_save" : 0,
		"tallnewobj" : 0,
		"boxanimatetime" : 200,
		"enablehscroll" : 1,
		"enablevscroll" : 1,
		"devicewidth" : 0.0,
		"description" : "",
		"digest" : "",
		"tags" : "",
		"style" : "",
		"subpatcher_template" : "gridded",
		"boxes" : [ 			{
				"box" : 				{
					"fontface" : 0,
					"fontsize" : 14.0,
					"id" : "obj-5",
					"linecount" : 3,
					"maxclass" : "o.compose",
					"numinlets" : 2,
					"numoutlets" : 1,
					"outlettype" : [ "" ],
					"patching_rect" : [ 180.0, 45.0, 510.0, 58.0 ],
					"saved_bundle_data" : [ 35, 98, 117, 110, 100, 108, 101, 0, 0, 0, 0, 0, 0, 0, 0, 0, 0, 0, 0, -96, 47, 110, 97, 115, 116, 121, 47, 108, 105, 115, 116, 0, 44, 100, 100, 100, 100, 100, 100, 100, 100, 100, 100, 100, 100, 100, 100, 100, 100, 0, 0, 0, 0, 0, 0, 0, 0, 0, 0, 0, 63, -16, 0, 0, 0, 0, 0, 0, 63, -17, 119, 118, -60, -126, 123, 112, -65, -42, 102, 102, 102, 102, 102, 102, -65, -48, 0, 0, 0, 0, 0, 0, -65, -41, 119, 120, -35, 97, 111, -121, -65, -30, -86, -87, -9, -75, -82, -93, -65, -26, -18, -17, -95, -29, -22, -9, -65, -20, 68, 67, -111, 79, 72, 61, -65, -16, 0, 0, 0, 0, 0, 0, 63, -38, -86, -84, 16, -108, -94, -70, 63, -30, 34, 34, -43, 23, 30, 42, 63, -20, 68, 67, -111, 79, 72, 61, 63, -17, 119, 118, -60, -126, 123, 112, 63, -17, 119, 118, -60, -126, 123, 112, 63, -19, -35, -35, 42, -24, -31, -42 ],
					"saved_bundle_length" : 180,
					"text" : "/nasty/list : [0., 1., 0.983333, -0.35, -0.25, -0.366667, -0.583333, -0.716667, -0.883333, -1., 0.416667, 0.566667, 0.883333, 0.983333, 0.983333, 0.933333]",
					"textcolor" : [ 0.188, 0.188, 0.188, 1.0 ]
				}

			}
, 			{
				"box" : 				{
					"ghostbar" : 36,
					"id" : "obj-2",
					"maxclass" : "multislider",
					"numinlets" : 1,
					"numoutlets" : 2,
					"outlettype" : [ "", "" ],
					"parameter_enable" : 0,
					"patching_rect" : [ 225.0, 330.0, 210.0, 120.0 ],
					"size" : 16,
					"style" : ""
				}

			}
, 			{
				"box" : 				{
					"id" : "obj-4",
					"maxclass" : "newobj",
					"numinlets" : 1,
					"numoutlets" : 2,
					"outlettype" : [ "", "FullPacket" ],
					"patching_rect" : [ 210.0, 270.0, 192.0, 35.0 ],
					"style" : "",
					"text" : "o.route /nasty/list"
				}

			}
 ],
		"lines" : [ 			{
				"patchline" : 				{
					"destination" : [ "obj-2", 0 ],
					"disabled" : 0,
					"hidden" : 0,
					"source" : [ "obj-4", 0 ]
				}

			}
, 			{
				"patchline" : 				{
					"destination" : [ "obj-4", 0 ],
					"disabled" : 0,
					"hidden" : 0,
					"source" : [ "obj-5", 0 ]
				}

			}
 ],
		"dependency_cache" : [ 			{
				"name" : "o.route.mxo",
				"type" : "iLaX"
			}
, 			{
				"name" : "o.compose.mxo",
				"type" : "iLaX"
			}
 ],
		"embedsnapshot" : 0,
		"bgfillcolor_type" : "gradient",
		"bgfillcolor_color1" : [ 0.376471, 0.384314, 0.4, 1.0 ],
		"bgfillcolor_color2" : [ 0.290196, 0.309804, 0.301961, 1.0 ],
		"bgfillcolor_color" : [ 0.290196, 0.309804, 0.301961, 1.0 ],
		"bgfillcolor_angle" : 270.0,
		"bgfillcolor_proportion" : 0.39
	}

}
